Classification Report:
              precision    recall  f1-score   support

           0     0.9820    0.9945    0.9882     18118
           1     0.9152    0.6403    0.7534       556
           2     0.9660    0.9220    0.9435      1448
           3     0.6722    0.7469    0.7076       162
           4     0.9849    0.9757    0.9803      1608

    accuracy                         0.9775     21892
   macro avg     0.9041    0.8559    0.8746     21892
weighted avg     0.9772    0.9775    0.9766     21892
